00100
001500
01100
011500
02100
021500
03100
031500
04100
041500
05100
051500
06100
061500
07100
071500
08100
081500
09100
091500
10100
101500
11100
111500
12100
121500
13100
131500
14100
141500
15100
151500
16100
161500
17100
171500
18100
181500
19100
191500
20100
201500
21100
211500
22100
221500
23100
231500
24100
241500
25100
251500
26100
261500
27100
271500
28100
281500
29100
291500
30100
301500
31100
311500
32100
321500
33100
331500
34100
341500
35100
351500
36100
361500
37100
371500
38100
381500
39100
391500
40100
401500
41100
411500
42100
421500
43100
431500
44100
441500
45100
451500
46100
461500
47100
471500
48100
481500
49100
491500
50100
501500
51100
511500
52100
521500
53100
531500
54100
541500
55100
551500
56100
561500
57100
571500
58100
581500
59100
591500
60100
601500
61100
611500
62100
621500
63100
631500
64100
641500
65100
651500
66100
661500
67100
671500
68100
681500
69100
691500
70100
701500
71100
711500
72100
721500
73100
731500
74100
741500
75100
751500
76100
761500
77100
771500
78100
781500
79100
791500
80100
801500
81100
811500
82100
821500
83100
831500
84100
841500
85100
851500
86100
861500
87100
871500
88100
881500
89100
891500
90100
901500
91100
911500
92100
921500
93100
931500
94100
941500
95100
951500
96100
961500
97100
971500
98100
981500
